"id" "values" "real_avg" "alpha_0.25" "alpha_0.5" "alpha_0.75" "alpha_0.05" "alpha_0.95" "closest_id" "closest_difference"
1 59 59 44.25 29.5 14.75 56.05 2.95 4 2.95
2 64 61.5 59.0625 46.75 27.0625 63.6025 6.0025 4 2.1025
3 22 48.3333333333333 31.265625 34.375 25.796875 24.080125 6.802375 2 13.9583333333333
4 52 49.25 46.81640625 43.1875 32.34765625 50.60400625 9.06225625000001 4 1.35400625
5 21 43.6 27.4541015625 32.09375 29.5107421875 22.4802003125 9.65914343750001 2 11.50625
6 24 40.3333333333333 24.863525390625 28.046875 28.133056640625 23.924010015625 10.376186265625 3 12.2002766927083
7 30 38.8571428571429 28.7158813476562 29.0234375 28.5997924804688 29.6962005007812 11.3573769523438 4 9.16094235636161
8 100 46.5 82.1789703369141 64.51171875 46.4498443603516 96.4848100250391 15.7895081047266 3 0.0501556396484375
9 92 51.5555555555556 89.5447425842285 78.255859375 57.8373832702637 92.2242405012519 19.6000326994902 3 6.28182771470811
10 26 49 41.8861856460571 52.1279296875 49.8780374526978 29.3112120250626 19.9200310645157 3 0.878037452697754
11 11 45.5454545454545 18.7215464115143 31.56396484375 40.1585280895233 11.9155606012531 19.4740295112899 3 5.38692645593123
12 43 45.3333333333333 36.9303866028786 37.281982421875 40.8688960671425 41.4457780300627 20.6503280357255 4 3.88755530327068
13 98 49.3846153846154 82.7325966507196 67.6409912109375 55.1516720503569 95.1722889015031 24.5178116339392 3 5.76705666574148
14 5 46.2142857142857 24.4331491626799 36.3204956054688 42.6137540377676 9.50861444507516 23.5419210522422 3 3.60053167651807
15 95 49.4666666666667 77.35828729067 65.6602478027344 55.7103155283257 90.7254307222538 27.1148249996301 3 6.24364886165907
16 31 48.3125 42.5895718226675 48.3301239013672 49.5327366462443 33.9862715361127 27.3090837496486 2 0.0176239013671875
17 39 47.7647058823529 39.8973929556669 43.6650619506836 46.8995524846832 38.7493135768056 27.8936295621662 3 0.865153397669715
18 10 45.6666666666667 17.4743482389167 26.8325309753418 37.6746643635124 11.4374656788403 26.9989480840579 3 7.99200230315424
19 90 48 71.8685870597292 58.4162654876709 50.7559982726343 86.071873283942 30.149000679855 3 2.75599827263432
20 88 50 83.9671467649323 73.2081327438354 60.0669987044757 87.9035936641971 33.0415506458622 3 10.0669987044757
21 69 50.9047619047619 72.7417866912331 71.1040663719177 62.3002490283568 69.9451796832099 34.8394731135691 3 11.3954871235949
22 80 52.2272727272727 78.1854466728083 75.5520331859589 66.7251867712676 79.4972589841605 37.0974994578907 3 14.4979140439949
23 93 54 89.2963616682021 84.2760165929794 73.2938900784507 92.324862949208 39.8926244849961 5 14.1073755150039
24 91 55.5416666666667 90.5740904170505 87.6380082964897 77.720417558838 91.0662431474604 42.4479932607463 5 13.0936734059203
25 15 53.92 33.8935226042626 51.3190041482449 62.0403131691285 18.803312157373 41.075593597709 2 2.60099585175514
26 41 53.4230769230769 39.2233806510657 46.1595020741224 56.7802348768464 39.8901656078686 41.0718139178236 3 3.35715795376947
27 22 52.2592592592593 26.3058451627664 34.0797510370612 48.0851761576348 22.8945082803934 40.1182232219324 3 4.17408310162447
28 84 53.3928571428571 69.5764612906916 59.0398755185306 57.0638821182261 80.9447254140197 42.3123120608358 3 3.67102497536894
29 33 52.6896551724138 42.1441153226729 46.0199377592653 51.0479115886696 35.397236270701 41.846696457794 3 1.64174358374423
30 42 52.3333333333333 42.0360288306682 44.0099688796327 48.7859336915022 41.6698618135351 41.8543616349043 3 3.54739964183116
31 35 51.7741935483871 36.7590072076671 39.5049844398163 45.3394502686266 35.3334930906768 41.5116435531591 3 6.43474327976047
32 9 50.4375 15.9397518019168 24.2524922199082 36.25458770147 10.3166746545338 39.8860613755011 5 10.5514386244989
33 66 50.9090909090909 53.4849379504792 45.1262461099541 43.6909407761025 63.2158337327267 41.1917583067261 1 2.57584704138829
34 83 51.8529411764706 75.6212344876198 64.063123054977 53.5182055820769 82.0107916866363 43.2821703913898 3 1.66526440560627
35 83 52.7428571428571 81.155308621905 73.5315615274885 60.8886541865576 82.9505395843318 45.2680618718203 5 7.47479527103686
36 44 52.5 53.2888271554762 58.7657807637443 56.6664906399182 45.9475269792166 45.2046587782293 1 0.788827155476241
37 55 52.5675675675676 54.5722067888691 56.8828903818721 56.2498679799387 54.5473763489608 45.6944258393178 4 1.97980878139327
38 57 52.6842105263158 56.3930516972173 56.9414451909361 56.437400984954 56.877368817448 46.2597045473519 1 3.70884117090148
39 80 53.3846153846154 74.0982629243043 68.470722595468 62.3280507387155 78.8438684408724 47.9467193199843 5 5.43789606463108
40 80 54.05 78.5245657310761 74.235361297734 66.7460380540366 79.9421934220436 49.5493833539851 5 4.5006166460149
41 34 53.5609756097561 45.131141432769 54.117680648867 58.5595285405275 36.2971096711022 48.7719141862858 2 0.556705039110909
42 47 53.4047619047619 46.5327853581923 50.5588403244335 55.6696464053956 46.4648554835551 48.6833184769716 3 2.2648845006337
43 15 52.5116279069767 22.8831963395481 32.7794201622168 45.5022348040467 16.5732427741778 46.999152553123 5 5.51247535385377
44 71 52.9318181818182 58.970799084887 51.8897100811084 51.876676103035 68.2786621387089 48.1991949254668 2 1.0421081007098
45 33 52.4888888888889 39.4926997712218 42.4448550405542 47.1575070772763 34.7639331069354 47.4392351791935 5 5.04965370969541
46 98 53.4782608695652 83.3731749428054 70.2224275202771 59.8681303079572 94.8381966553468 49.9672734202338 5 3.51098744933142
47 41 53.2127659574468 51.5932937357014 55.6112137601385 55.1510977309679 43.6919098327673 49.5189097492221 1 1.61947222174545
48 60 53.3541666666667 57.8983234339253 57.8056068800693 56.3633232982259 59.1845954916384 50.042964261761 3 3.00915663155926
49 3 52.3265306122449 16.7245808584813 30.4028034400346 43.0224924736694 5.80922977458192 47.6908160486729 5 4.63571456357195
50 20 51.68 19.1811452146203 25.2014017200173 37.2668693552521 19.2904614887291 46.3062752462393 5 5.3737247537607
51 65 51.9411764705882 53.5452863036551 45.1007008600087 44.2001520164391 62.7145230744365 47.2409614839273 1 1.60410983306685
52 61 52.1153846153846 59.1363215759138 53.0503504300043 48.4001140123293 61.0857261537218 47.928913409731 2 0.934965814619716
53 93 52.8867924528302 84.5340803939784 73.0251752150022 59.550085509247 91.4042863076861 50.1824677392444 5 2.70432471358576
54 56 52.9444444444444 63.1335200984946 64.5125876075011 58.6625641319352 57.7702143153843 50.4733443522822 5 2.47110009216224
55 55 52.9818181818182 57.0333800246237 59.7562938037505 57.7469230989514 55.1385107157692 50.6996771346681 4 2.15669253395103
56 31 52.5892857142857 37.5083450061559 45.3781469018753 51.0601923242136 32.2069255357885 49.7146932779347 3 1.52909339007215
57 2 51.7017543859649 10.877086251539 23.6890734509376 38.7951442431602 3.51034627678942 47.328958614038 5 4.37279577192695
58 70 52.0172413793103 55.2192715628847 46.8445367254688 46.5963581823701 66.6755173138395 48.4625106833361 1 3.2020301835744
59 52 52.0169491525424 52.8048178907212 49.4222683627344 47.9472686367776 52.733775865692 48.6393851491693 4 0.716826713149601
60 20 51.4833333333333 28.2012044726803 34.7111341813672 40.9604514775832 21.6366887932846 47.2074158917108 5 4.27591744162255
61 8 50.7704918032787 13.0503011181701 21.3555670906836 32.7203386081874 8.68183443966423 45.2470450971252 5 5.52344670615344
62 19 50.258064516129 17.5125752795425 20.1777835453418 29.2902539561405 18.4840917219832 43.934692842269 5 6.32337167386005
63 89 50.8730158730159 71.1281438198856 54.5888917726709 44.2176904671054 85.4742045860992 46.1879582001555 2 3.71587589965502
64 35 50.625 44.0320359549714 44.7944458863355 41.9132678503291 37.523710229305 45.6285602901478 5 4.99643970985225
65 26 50.2461538461538 30.5080089887429 35.3972229431677 37.9349508877468 26.5761855114652 44.6471322756404 5 5.59902157051348
66 51 50.2575757575758 45.8770022471857 43.1986114715839 41.2012131658101 49.7788092755733 44.9647756618583 4 0.478766482002499
67 63 50.4477611940299 58.7192505617964 53.0993057357919 46.6509098743576 62.3389404637787 45.8665368787654 2 2.65154454176208
68 19 49.9852941176471 28.9298126404491 36.049652867896 39.7381824057682 21.1669470231889 44.5232100348272 5 5.4620840828199
69 72 50.304347826087 61.2324531601123 54.024826433948 47.8036368043261 69.4583473511594 45.8970495330858 3 2.50071102176082
70 43 50.2 47.5581132900281 48.512413216974 46.6027276032446 44.322917367558 45.7521970564315 2 1.68758678302601
71 65 50.4084507042254 60.639528322507 56.756206608487 51.2020457024335 63.9661458683779 46.7145872036099 3 0.7935949982081
72 10 49.8472222222222 22.6598820806268 33.3781033042435 40.9015342768251 12.6983072934189 44.8788578434294 5 4.96836437879278
73 3 49.2054794520548 7.91497052015669 18.1890516521217 31.4261507076188 3.48491536467094 42.784914951258 5 6.42056450079684
74 7 48.6351351351351 7.22874263003917 12.5945258260609 25.3196130307141 6.82424576823355 40.9956692036951 5 7.63946593144008
75 64 48.84 49.8071856575098 38.2972629130304 34.9897097730356 61.1412122884117 42.1458857435103 1 0.967185657509788
76 57 48.9473684210526 55.2017964143774 47.6486314565152 40.4922823297767 57.2070606144206 42.8885914563348 2 1.29873696453742
77 84 49.4025974025974 76.8004491035944 65.8243157282576 51.3692117473325 82.660353030721 44.944161883518 3 1.96661434473511
78 72 49.6923076923077 73.2001122758986 68.9121578641288 56.5269088104994 72.533017651536 46.2969537893421 5 3.39535390296555
79 84 50.126582278481 81.3000280689747 76.4560789320644 63.3951816078745 83.4266508825768 48.182106099875 5 1.94447617860597
80 48 50.1 56.3250070172437 62.2280394660322 59.5463862059059 49.7713325441288 48.1730007948813 4 0.328667455871177
81 47 50.0617283950617 49.3312517543109 54.6140197330161 56.4097896544294 47.1385666272064 48.1143507551372 1 0.73047664075083
82 80 50.4268292682927 72.3328129385777 67.3070098665081 62.3073422408221 78.3569283313603 49.7086332173804 5 0.718196050912326
83 56 50.4939759036145 60.0832032346444 61.653504933254 60.7305066806166 57.117846416568 50.0232015565114 5 0.470774347103116
84 30 50.25 37.5208008086611 45.826752466627 53.0478800104624 31.3558923208284 49.0220414786858 5 1.22795852131423
85 100 50.8352941176471 84.3802002021653 72.9133762333135 64.7859100078468 96.5677946160414 51.5709394047515 5 0.735645287104433
86 59 50.9302325581395 65.3450500505413 65.9566881166567 63.3394325058851 60.8783897308021 51.9423924345139 5 1.01215987637438
87 75 51.2068965517241 72.5862625126353 70.4783440583284 66.2545743794138 74.2939194865401 53.0952728127882 5 1.88837626106409
88 66 51.375 67.6465656281588 68.2391720291642 66.1909307845604 66.414695974327 53.7405091721488 5 2.36550917214882
89 47 51.3258426966292 52.1616414070397 57.6195860145821 61.3931980884203 47.9707347987164 53.4034837135414 1 0.835798710410486
90 19 50.9666666666667 27.2904103517599 38.309793007291 50.7948985663152 20.4485367399358 51.6833095278643 3 0.171768100351464
91 39 50.8351648351648 36.07260258794 38.6548965036455 47.8461739247364 38.0724268369968 51.0491440514711 5 0.213979216306257
92 83 51.1847826086957 71.268150646985 60.8274482518228 56.6346304435523 80.7536213418498 52.6466868488976 5 1.46190424020189
93 32 50.9784946236559 41.8170376617462 46.4137241259114 50.4759728326642 34.4376810670925 51.6143525064527 3 0.5025217909917
94 56 51.031914893617 52.4542594154366 51.2068620629557 51.8569796244982 54.9218840533546 51.83363488113 2 0.174947169338665
95 1 50.5052631578947 13.8635648538591 26.1034310314778 39.1427347183736 3.69609420266773 49.2919531370735 5 1.2133100208212
96 80 50.8125 63.4658912134648 53.0517155157389 49.3570510387802 76.1848047101334 50.8273554802199 5 0.0148554802198575
97 1 50.298969072165 16.6164728033662 27.0258577578695 37.2677882790852 4.75924023550667 48.3359877062089 5 1.96298136595609
98 34 50.1326530612245 29.6541182008415 30.5129288789347 36.4508412093139 32.5379620117753 47.6191883208984 5 2.51346474032608
99 52 50.1515151515152 46.4135295502104 41.2564644394674 40.3381309069854 51.0268981005888 47.8382289048535 4 0.875382949073604
100 72 50.37 65.6033823875526 56.6282322197337 48.2535981802391 70.9513449050294 49.0463174596108 5 1.32368254038919
101 86 50.7227722772277 80.9008455968881 71.3141161098668 57.6901986351793 85.2475672452515 50.8940015866303 5 0.171229309402555
102 4 50.2647058823529 23.225211399222 37.6570580549334 44.2676489763845 8.06237836226257 48.5493015072988 5 1.71540437505418
103 64 50.3980582524272 53.8063028498055 50.8285290274667 49.2007367322884 61.2031189181131 49.3218364319338 2 0.430470775039524
104 68 50.5673076923077 64.4515757124514 59.4142645137334 53.9005525492163 67.6601559459057 50.2557446103371 5 0.311563081970554
105 68 50.7333333333333 67.1128939281128 63.7071322568667 57.4254144119122 67.9830077972953 51.1429573798203 5 0.409624046486954
106 17 50.4150943396226 29.5282234820282 40.3535661284333 47.3190608089342 19.5491503898648 49.4358095108293 5 0.979284828793368
107 38 50.2990654205608 35.8820558705071 39.1767830642167 44.9892956067006 37.0774575194932 48.8640190352878 5 1.43504638527295
108 37 50.1759259259259 36.7205139676268 38.0883915321083 42.9919717050255 37.0038728759747 48.2708180835234 5 1.90510784240251
109 61 50.2752293577982 54.9301284919067 49.5441957660542 47.4939787787691 59.8001936437987 48.9072771793472 2 0.731033591744009
110 65 50.4090909090909 62.4825321229767 57.2720978830271 51.8704840840768 64.7400096821899 49.7119133203799 5 0.697177588711035
111 49 50.3963963963964 52.3706330307442 53.1360489415135 51.1528630630576 49.7870004841095 49.6763176543609 4 0.609395912286914
112 2 49.9642857142857 14.592658257686 27.5680244707568 38.8646472972932 4.38935002420548 47.2925017716428 5 2.67178394264288
113 40 49.8761061946903 33.6481645644215 33.7840122353784 39.1484854729699 38.2194675012103 46.9278766830607 5 2.94822951162957
114 95 50.2719298245614 79.6620411411054 64.3920061176892 53.1113641047274 92.1609733750605 49.3314828489077 5 0.940446975653735
115 71 50.4521739130435 73.1655102852763 67.6960030588446 57.5835230785456 72.058048668753 50.4149087064623 5 0.0372652065811963
116 32 50.2931034482759 42.2913775713191 49.8480015294223 51.1876423089092 34.0029024334376 49.4941632711392 2 0.445101918853574
117 4 49.8974358974359 13.5728443928298 26.9240007647111 39.3907317316819 5.50014512167188 47.2194551075822 5 2.67798078985368
118 6 49.5254237288136 7.89321109820744 16.4620003823556 31.0430487987614 5.97500725608359 45.1584823522031 5 4.36694137661046
119 18 49.2605042016807 15.4733027745519 17.2310001911778 27.7822865990711 17.3987503628042 43.8005582345929 5 5.45994596708774
120 92 49.6166666666667 72.868325693638 54.6155000955889 43.8367149493033 88.2699375181402 46.2105303228633 5 3.40613634380338
121 91 49.9586776859504 86.4670814234095 72.8077500477944 55.6275362119775 90.863496875907 48.4500038067201 5 1.50867387923029
122 61 50.0491803278689 67.3667703558524 66.9038750238972 56.9706521589831 62.4931748437953 49.0775036163841 5 0.971676711484733
123 66 50.1788617886179 66.3416925889631 66.4519375119486 59.2279891192373 65.8246587421898 49.9236284355649 5 0.255233353052972
124 69 50.3306451612903 68.3354231472408 67.7259687559743 61.670991839428 68.8412329371095 50.8774470137867 5 0.546801852496351
125 94 50.68 87.5838557868102 80.8629843779871 69.753243879571 92.7420616468555 53.0335746630973 5 2.35357466309734
126 29 50.5079365079365 43.6459639467026 54.9314921889936 59.5649329096782 32.1871030823428 51.8318959299425 5 1.32395942200597
127 44 50.4566929133858 43.9114909866756 49.4657460944968 55.6736996822587 43.4093551541171 51.4403011334454 5 0.983608220059523
128 100 50.84375 85.9778727466689 74.7328730472484 66.755274761694 97.1704677577059 53.8682860767731 5 3.02453607677309
129 49 50.8294573643411 58.2444681866672 61.8664365236242 62.3164560712705 51.4085233878853 53.6248717729344 4 0.579066023544193
130 89 51.1230769230769 81.3111170466668 75.4332182618121 68.9873420534529 87.1204261693943 55.3936281842877 5 4.27055126121079
131 97 51.4732824427481 93.0777792616667 86.2166091309061 75.9905065400897 96.5060213084697 57.4739467750733 5 6.00066433232524
132 46 51.4318181818182 57.7694448154167 66.108304565453 68.4928799050672 48.5253010654235 56.9002494363197 4 2.90651711639471
133 12 51.1353383458647 23.4423612038542 39.0541522827265 54.3696599288004 13.8262650532712 54.6552369645037 3 3.23432158293576
134 83 51.3731343283582 68.1105903009635 61.0270761413633 61.5272449466003 79.5413132526636 56.0724751162785 5 4.69934078792028
135 71 51.5185185185185 70.2776475752409 66.0135380706816 63.8954337099502 71.4270656626332 56.8188513604646 5 5.30033284194604
136 68 51.639705882353 68.5694118938102 67.0067690353408 64.9215752824627 68.1713532831317 57.3779087924414 5 5.7382029100884
137 42 51.5693430656934 48.6423529734526 54.5033845176704 59.191181461847 43.3085676641566 56.6090133528193 1 2.92699009224089
138 7 51.2463768115942 17.4105882433631 30.7516922588352 46.1433860963853 8.81542838320783 54.1285626851783 5 2.8821858735841
139 69 51.3741007194245 56.1026470608408 49.8758461294176 51.8575395722889 65.9907714191604 54.8721345509194 3 0.483438852864467
140 82 51.5928571428572 75.5256617652102 65.9379230647088 59.3931546792167 81.199538570958 56.2285278233734 5 4.63567068051627
141 41 51.5177304964539 49.6314154413026 53.4689615323544 54.7948660094125 43.0099769285479 55.4671014322048 1 1.88631505515136
142 87 51.7676056338028 77.6578538603256 70.2344807661772 62.8461495070594 84.8004988464274 57.0437463605945 5 5.27614072679169
143 16 51.5174825174825 31.4144634650814 43.1172403830886 51.1346121302945 19.4400249423214 54.9915590425648 3 0.382870387187985
144 22 51.3125 24.3536158662704 32.5586201915443 43.8509590977209 21.8720012471161 53.3419810904365 5 2.02948109043653
145 84 51.5379310344828 69.0884039665676 58.2793100957721 53.8882193232907 80.8936000623558 54.8748820359147 3 2.3502882888079
146 76 51.7054794520548 74.2721009916419 67.1396550478861 59.416164492468 76.2446800031178 55.931137934119 5 4.22565848206418
147 6 51.3945578231293 23.0680252479105 36.569827523943 46.062123369351 9.51223400015589 53.434581037413 5 2.04002321428377
148 74 51.5472972972973 61.2670063119776 55.2849137619715 53.0465925270133 70.7756117000078 54.4628519855424 3 1.49929522971594
149 73 51.6912751677852 70.0667515779944 64.1424568809858 58.0349443952599 72.8887805850004 55.3897093862653 5 3.69843421848002
150 38 51.6 46.0166878944986 51.0712284404929 53.026208296445 39.74443902925 54.520223916952 2 0.528771559507135
151 82 51.8013245033113 73.0041719736247 66.5356142202464 60.2696562223337 79.8872219514625 55.8942127211044 5 4.09288821779312
152 85 52.0197368421053 82.0010429934062 75.7678071101232 66.4522421667503 84.7443610975731 57.3495020850492 5 5.3297652429439
153 15 51.7777777777778 31.7502607483515 45.3839035550616 53.5891816250627 18.4872180548787 55.2320269807967 3 1.81140384728493
154 53 51.7857142857143 47.6875651870879 49.1919517775308 53.441886218797 51.2743609027439 55.1204256317569 4 0.511353382970377
155 48 51.7612903225807 47.921891296772 48.5959758887654 52.0814146640978 48.1637180451372 54.764404350169 3 0.320124341517115
156 1 51.4358974358975 12.730472824193 24.7979879443827 39.3110609980733 3.35818590225686 52.0761841326606 5 0.640286696763134
157 41 51.3694267515924 33.9326182060482 32.8989939721913 39.733295748555 39.1179092951128 51.5223749260276 5 0.152948174435188
158 6 51.0822784810127 12.9831545515121 19.4494969860957 31.2999718114162 7.65589546475564 49.2462561797262 5 1.8360223012865
159 37 50.9937106918239 30.995788637878 28.2247484930478 32.7249788585622 35.5327947732378 48.6339433707399 5 2.35976732108405
160 20 50.8 22.7489471594695 24.1123742465239 29.5437341439216 20.7766397386619 47.2022462022029 5 3.59775379779715
161 92 51.055900621118 74.6872367898674 58.056187123262 45.1578006079412 88.4388319869331 49.4421338920927 5 1.61376672902531
162 14 50.8271604938272 29.1718091974668 36.028093561631 37.3683504559559 17.7219415993467 47.6700271974881 5 3.1571332963391
163 87 51.0490797546013 72.5429522993667 61.5140467808155 49.7762628419669 83.5360970799673 49.6365258376137 3 1.27281691263431
164 43 51 50.3857380748417 52.2570233904077 48.0821971314752 45.0268048539984 49.304699545733 1 0.614261925158345
165 50 50.9939393939394 50.0964345187104 51.1285116952039 48.5616478486064 49.7513402426999 49.3394645684463 2 0.134572301264456
166 33 50.8855421686747 37.2741086296776 42.0642558476019 44.6712358864548 33.837567012135 48.522491340024 5 2.36305082865069
167 6 50.6167664670659 13.8185271574194 24.032127923801 35.0034269148411 7.39187835060675 46.3963667730228 5 4.22039969404307
168 48 50.6011904761905 39.4546317893548 36.0160639619005 38.2525701861308 45.9695939175303 46.4765484343717 5 4.12464204181882
169 15 50.3905325443787 21.1136579473387 25.5080319809502 32.4394276395981 16.5484796958765 44.9027210126531 5 5.48781153172563
170 3 50.1117647058824 7.52841448683468 14.2540159904751 25.0795707296986 3.67742398479383 42.8075849620204 5 7.30417974386194
171 2 49.8304093567252 3.38210362170867 8.12700799523756 19.3096780472739 2.08387119923969 40.7672057139194 5 9.06320364280576
172 77 49.9883720930233 58.5955259054272 42.5635039976188 33.7322585354555 73.254193559962 42.5788454282234 5 7.40952666479984
173 98 50.2658959537572 88.1488814763568 70.2817519988094 49.7991939015916 96.7627096779981 45.3499031568123 3 0.466702052165651
174 74 50.4022988505747 77.5372203690892 72.1408759994047 55.8493954261937 75.1381354838999 46.7824079989717 5 3.61989085160307
175 55 50.4285714285715 60.6343050922723 63.5704379997023 55.6370465696453 56.006906774195 47.1932875990231 5 3.23528382954838
176 5 50.1704545454546 18.9085762730681 34.2852189998512 42.977784927234 7.55034533870975 45.0836232190719 5 5.08683132638265
177 99 50.4463276836158 78.977144068267 66.6426094999256 56.9833386954255 94.4275172669355 47.7794420581183 5 2.66688562549752
178 26 50.308988764045 39.2442860170668 46.3213047499628 49.2375040215691 29.4213758633468 46.6904699552124 3 1.07148474247586
179 40 50.2513966480447 39.8110715042667 43.1606523749814 46.9281280161768 39.4710687931673 46.3559464574518 3 3.32326863186788
180 92 50.4833333333334 78.9527678760667 67.5803261874907 58.1960960121326 89.3735534396584 48.6381491345792 5 1.84518419875416
181 31 50.3756906077348 42.9881919690167 49.2901630937453 51.3970720090995 33.9186776719829 47.7562416778502 3 1.02138140136464
182 3 50.1153846153846 12.9970479922542 26.1450815468727 39.2978040068246 4.54593388359915 45.5184295939577 5 4.59695502142691
183 29 50 24.9992619980635 27.5725407734363 36.7233530051184 27.77729669418 44.6925081142598 5 5.30749188574018
184 54 50.0217391304348 46.7498154995159 40.7862703867182 41.0425147538388 52.688864834709 45.1578827085468 4 2.66712570427419
185 31 49.9189189189189 34.937453874879 35.8931351933591 38.5318860653791 32.0844432417354 44.4499885731195 5 5.46893034579944
186 41 49.8709677419355 39.4843634687197 38.4465675966795 39.1489145490343 40.5542221620868 44.2774891444635 5 5.59347859747197
187 5 49.6310160427808 13.6210908671799 21.7232837983398 30.6116859117758 6.77771110810434 42.3136146872404 5 7.31740135554042
188 99 49.8936170212766 77.655272716795 60.3616418991699 47.7087644338318 94.3888855554052 45.1479339528783 3 2.1848525874448
189 49 49.8888888888889 56.1638181791987 54.6808209495849 48.0315733253739 51.2694442777703 45.3405372552344 4 1.38055538888135
190 52 49.9 53.0409545447997 53.3404104747925 49.0236799940304 51.9634722138885 45.6735103924727 3 0.876320005969625
191 20 49.7434554973822 28.2602386361999 36.6702052373962 41.7677599955228 21.5981736106944 44.3898348728491 5 5.35362062453316
192 16 49.5677083333333 19.06505965905 26.3351026186981 35.3258199966421 16.2799086805347 42.9703431292066 5 6.59736520412675
193 36 49.4974093264249 31.7662649147625 31.1675513093491 35.4943649974816 35.0139954340267 42.6218259727463 5 6.87558335367861
194 46 49.479381443299 42.4415662286906 38.5837756546745 38.1207737481112 45.4506997717013 42.790734674109 4 4.02868167159766
195 83 49.6512820512821 72.8603915571727 60.7918878273373 49.3405803110834 81.1225349885851 44.8011979404035 3 0.310701740198681
196 27 49.5357142857143 38.4650978892932 43.8959439136686 43.7554352333125 29.7061267494293 43.9111380433833 5 5.62457624233097
197 12 49.3451776649746 18.6162744723233 27.9479719568343 35.8165764249844 12.8853063374715 42.3155811412142 5 7.02959652376046
198 27 49.2323232323233 24.9040686180808 27.4739859784172 33.6124323187383 26.2942653168736 41.5498020841535 5 7.68252114816979
199 2 48.9949748743719 7.72601715452021 14.7369929892086 25.7093242390537 3.21471326584368 39.5723119799458 5 9.42266289442609
200 52 49.01 40.9315042886301 33.3684964946043 32.2819931792903 49.5607356632922 40.1936963809485 4 0.550735663292166
201 97 49.2487562189055 82.9828760721575 65.1842482473022 48.4614948844677 94.6280367831646 43.0340115619011 3 0.787261334437765
202 69 49.3465346534654 72.4957190180394 67.0921241236511 53.5961211633508 70.2814018391582 44.332310983806 3 4.24958650988543
203 2 49.1133004926109 19.6239297545098 34.5460620618255 40.6970908725131 5.41407009195791 42.2156954346157 5 6.89760505799514
204 69 49.2107843137255 56.6559824386275 51.7730310309128 47.7728181543848 65.8207035045979 43.5549106628849 3 1.43796615934068
205 6 49 18.6639956096569 28.8865155154564 37.3296136157886 8.99103517522989 41.6771651297407 5 7.32283487025933
206 14 48.8300970873787 15.1659989024142 21.4432577577282 31.4972102118415 13.7495517587615 40.2933068732537 5 8.53679021412501
207 83 48.9951690821256 66.0414997256036 52.2216288788641 44.3729076588811 79.5374775879381 42.428641529591 2 3.22645979673847
208 59 49.0432692307692 60.7603749314009 55.610814439432 48.0296807441608 60.0268738793969 43.2572094531114 3 1.01358848660843
209 57 49.0813397129187 57.9400937328502 56.305407219716 50.2722605581206 57.1513436939698 43.9443489804559 3 1.19092084520194
210 20 48.9428571428572 29.4850234332126 38.152703609858 42.7041954185905 21.8575671846985 42.7471315314331 5 6.19572561142409
211 27 48.8388625592417 27.6212558583031 32.576351804929 38.7781465639428 26.7428783592349 41.9597749548614 5 6.87908760438032
212 73 48.9528301886793 61.6553139645758 52.7881759024645 47.3336099229571 70.6871439179617 43.5117862071183 3 1.61922026572213
213 36 48.8920187793427 42.4138284911439 44.3940879512323 44.5002074422178 37.7343571958981 43.1361968967624 3 4.39181133712489
214 10 48.7102803738318 18.103457122786 27.1970439756161 35.8751555816634 11.3867178597949 41.4793870519243 5 7.23089332190749
215 100 48.9488372093023 79.5258642806965 63.5985219878081 51.9063666862475 95.5693358929897 44.4054176993281 3 2.9575294769452
216 53 48.9675925925926 59.6314660701741 58.299260993904 52.1797750146857 55.1284667946495 44.8351468143617 3 3.21218242209304
217 23 48.8479262672811 32.1578665175435 40.649630496952 44.8848312610142 24.6064233397325 43.7433894736436 3 3.96309500626688
218 100 49.0825688073395 83.0394666293859 70.324815248476 58.6636234457607 96.2303211669866 46.5562199999614 5 2.52634880737804
219 39 49.0365296803653 50.0098666573465 54.662407624238 53.7477175843205 41.8615160583493 46.1784089999634 1 0.973336976981159
220 96 49.25 84.5024666643366 75.331203812119 64.3107881882404 93.2930758029175 48.6694885499652 5 0.58051145003482
221 43 49.2217194570136 53.3756166660842 59.1656019060595 58.9830911411803 45.5146537901459 48.3860141224669 5 0.83570533454666
222 45 49.2027027027027 47.093904166521 52.0828009530297 55.4873183558852 45.0257326895073 48.2167134163436 5 0.985989286359136
223 97 49.4170403587444 84.5234760416303 74.5414004765149 65.8654887669139 94.4012866344754 50.6558777455264 5 1.238837386782
224 2 49.2053571428572 22.6308690104076 38.2707002382574 49.8991165751854 6.62006433172377 48.2230838582501 3 0.693759432328264
225 22 49.0844444444445 22.1577172526019 30.1353501191287 42.9243374313891 21.2310032165862 46.9119296653376 5 2.17251477910688
226 93 49.2787610619469 75.2894293131505 61.5676750595644 55.4432530735418 89.4115501608293 49.2163331820707 5 0.0624278798762106
227 21 49.1541850220264 34.5723573282876 41.2838375297822 46.8324398051564 24.4205775080415 47.8055165229672 5 1.34866849905927
228 43 49.1271929824562 40.8930893320719 42.1419187648911 45.8743298538673 42.0710288754021 47.5652406968188 5 1.56195228563734
229 96 49.3318777292577 82.223272333018 69.0709593824456 58.4057473904004 93.3035514437701 49.9869786619779 5 0.655100932720224
230 69 49.4173913043478 72.3058180832545 69.0354796912228 61.0543105428003 70.2151775721885 50.937629728879 5 1.52023842453114
231 10 49.2467532467533 25.5764545208136 39.5177398456114 48.2907329071002 13.0107588786094 48.890748242435 5 0.356005004318227
232 82 49.3879310344828 67.8941136302034 60.7588699228057 56.7180496803252 78.5505379439305 50.5462108303133 5 1.15827979583051
233 38 49.3390557939914 45.4735284075509 49.3794349614029 52.0385372602439 40.0275268971965 49.9189002887976 2 0.040379167411416
234 54 49.3589743589744 51.8683821018877 51.6897174807014 52.5289029451829 53.3013763448598 50.1229552743577 5 0.763980915383364
235 36 49.3021276595745 39.9670955254719 43.8448587403507 48.3966772088872 36.865068817243 49.4168075106398 5 0.114679851065368
236 1 49.0974576271187 10.741773881368 22.4224293701754 36.5475079066654 2.79325344086215 46.9959671351079 5 2.1014904920108
237 9 48.9282700421941 9.435443470342 15.7112146850877 29.660630929999 8.68966267204311 45.0961687783525 5 3.83210126384164
238 16 48.7899159663866 14.3588608675855 15.8556073425438 26.2454731974993 15.6344831336022 43.6413603394348 5 5.14855562695173
239 53 48.8075313807532 43.3397152168964 34.4278036712719 32.9341048981245 51.1317241566801 44.1092923224631 4 2.32419277592695
240 66 48.8791666666667 60.3349288042241 50.213901835636 41.2005786735933 65.256586207834 45.20382770634 2 1.33473516896927
241 96 49.0746887966805 87.083732201056 73.106950917818 54.900434005195 94.4628293103917 47.743636321023 5 1.33105247565756
242 35 49.0165289256199 48.020933050264 54.053475458909 49.9253255038963 37.9731414655196 47.1064545049718 3 0.908796578276409
243 40 48.9794238683128 42.005233262566 47.0267377294545 47.4439941279222 39.898657073276 46.7511317797232 3 1.53542974039058
244 41 48.9467213114754 41.2513083156415 44.0133688647272 45.8329955959416 40.9449328536638 46.4635751907371 5 2.48314612073836
245 35 48.8897959183674 36.5628270789104 39.5066844323636 43.1247466969562 35.2972466426832 45.8903964312002 5 2.99939948716715
246 21 48.7764227642277 24.8907067697276 30.2533422161818 37.5935600227172 21.7148623321342 44.6458766096402 5 4.13054615458746
247 1 48.582995951417 6.9726766924319 15.6266711080909 28.4451700170379 2.03574311660671 42.4635827791582 5 6.11941317225884
248 29 48.5040322580645 23.493169173108 22.3133355540455 28.5838775127784 27.6517871558303 41.7904036402003 5 6.71362861786426
249 6 48.3333333333333 10.373292293277 14.1566677770227 22.9379081345838 7.08258935779152 40.0008834581903 5 8.33244987514309
250 80 48.46 62.5933230733192 47.0783338885114 37.2034311009379 76.3541294678896 42.0008392852807 2 1.38166611148865
251 4 48.2828685258964 18.6483307683298 25.5391669442557 28.9025733257034 7.61770647339448 40.1007973210167 5 8.18207120487971
252 10 48.1309523809524 12.1620826920825 17.7695834721278 24.1769299942775 9.88088532366972 38.5957574549659 5 9.53519492598652
253 28 48.0513833992095 24.0405206730206 22.8847917360639 25.1326974957082 27.0940442661835 38.0659695822176 5 9.98541381699192
254 18 47.9330708661417 19.5101301682552 20.442395868032 23.3495231217811 18.4547022133092 37.0626711031067 5 10.870399763035
255 10 47.7843137254902 12.3775325420638 15.221197934016 20.0121423413358 10.4227351106655 35.7095375479514 5 12.0747761775388
256 14 47.65234375 13.5943831355159 14.610598967008 18.5091067560019 13.8211367555333 34.6240606705538 5 13.0282830794462
257 4 47.4824902723736 6.39859578387899 9.30529948350399 14.8818300670014 4.49105683777666 33.0928576370261 5 14.3896326353474
258 73 47.5813953488372 56.3496489459697 41.152649741752 29.4113725502511 69.5745528418888 35.0882147551748 2 6.42874560708523
259 72 47.6756756756757 68.0874122364924 56.576324870876 40.0585294126883 71.8787276420944 36.9338040174161 3 7.6171462629874
260 91 47.8423076923077 85.2718530591231 73.788162435438 52.7938970595162 90.0439363821047 39.6371138165453 3 4.95158936720851
261 91 48.0076628352491 89.5679632647808 82.394081217719 62.3454227946372 90.9521968191052 42.205258125718 5 5.80240470953105
262 23 47.912213740458 39.6419908161952 52.6970406088595 52.5090670959779 26.3976098409553 41.2449952194321 3 4.59685335551984
263 11 47.7718631178707 18.1604977040488 31.8485203044297 42.1318003219834 11.7698804920478 39.7327454584605 3 5.64006279588733
264 38 47.7348484848485 33.0401244260122 34.9242601522149 41.0988502414876 36.6884940246024 39.6461081855375 3 6.63599824336094
265 36 47.6905660377359 35.260031106503 35.4621300761074 39.8241376811157 36.0344247012301 39.4638027762606 3 7.8664283566202
266 66 47.7593984962406 58.3150077766258 50.7310650380537 46.3681032608367 64.5017212350615 40.7906126374476 3 1.39129523540387
267 22 47.6629213483146 31.0787519441564 36.3655325190269 40.2760774456276 24.1250860617531 39.8510820055752 3 7.38684390268705
268 75 47.7649253731343 64.0196879860391 55.6827662595134 48.9570580842207 72.4562543030876 41.6085279052964 3 1.19213271108634
269 83 47.8959107806692 78.2549219965098 69.3413831297567 57.4677935631655 82.4728127151544 43.6781015100316 5 4.21780927063755
270 39 47.862962962963 48.8137304991274 54.1706915648784 52.8508451723741 41.1736406357577 43.44419643453 1 0.950767536164463
271 90 48.0184501845019 79.7034326247819 72.0853457824392 62.1381338792806 87.5586820317879 45.7719866128035 5 2.24646357169834
272 17 47.9044117647059 32.6758581561955 44.5426728912196 50.8536004094604 20.5279341015894 44.3333872821634 3 2.94918864475454
273 71 47.989010989011 61.4189645390489 57.7713364456098 55.8902003070953 68.4763967050795 45.6667179180552 5 2.32229307095582
274 55 48.014598540146 56.6047411347622 56.3856682228049 55.6676502303215 55.673819835254 46.1333820221524 5 1.88121651799358
275 33 47.96 38.9011852836906 44.6928341114024 50.0007376727411 34.1336909917627 45.4767129210448 3 2.0407376727411
276 14 47.8369565217391 20.2252963209226 29.3464170557012 41.0005532545558 15.0066845495881 43.9028772749926 5 3.93407924674658
277 35 47.7906137184116 31.3063240802307 32.1732085278506 39.5004149409169 34.0003342274794 43.4577334112429 5 4.33288030716863
278 41 47.7661870503597 38.5765810200577 36.5866042639253 39.8753112056877 40.650016711374 43.3348467406808 5 4.43134030967894
279 68 47.8387096774194 60.6441452550144 52.2933021319627 46.9064834042657 66.6325008355687 44.5681044036467 3 0.932226273153617
280 43 47.8214285714286 47.4110363137536 47.6466510659813 45.9298625531993 44.1816250417784 44.4896991834644 2 0.174777505447253
281 76 47.9217081850534 68.8527590784384 61.8233255329907 53.4473969148995 74.4090812520889 46.0652142242912 5 1.85649396076221
282 81 48.0390070921986 77.9631897696096 71.4116627664953 60.3355476861746 80.6704540626044 47.8119535130766 5 0.227053579121971
283 65 48.0989399293286 68.2407974424024 68.2058313832477 61.501660764631 65.7835227031302 48.6713558374228 5 0.57241590809415
284 27 48.024647887324 37.3101993606006 47.6029156916238 52.8762455734732 28.9391761351565 47.5877880455517 2 0.42173219570013
285 18 47.9192982456141 22.8275498401501 32.8014578458119 44.1571841801049 18.5469588067578 46.1083986432741 5 1.81089960233998
286 92 48.0734265734266 74.7068874600375 62.400728922906 56.1178881350787 88.3273479403379 48.4029787111104 5 0.32955213768377
287 6 47.9268292682927 23.1767218650094 34.200364461453 43.588416101309 10.1163673970169 46.2828297755548 5 1.64399949273786
288 28 47.8576388888889 26.7941804662523 31.1001822307265 39.6913120759818 27.1058183698508 45.3686882867771 5 2.48895060211181
289 9 47.7231833910035 13.4485451165631 20.0500911153632 32.0184840569863 9.90529091849254 43.5502538724382 5 4.17292951856524
290 41 47.7 34.1121362791408 30.5250455576816 34.2638630427397 39.4452645459246 43.4227411788163 5 4.27725882118369
291 93 47.8556701030928 78.2780340697852 61.7625227788408 48.9478972820548 90.3222632272962 45.9016041198755 3 1.09222717896201
292 91 48.0034246575343 87.8195085174463 76.3812613894204 59.4609229615411 90.9661131613648 48.1565239138817 5 0.153099256347474
293 87 48.1365187713311 87.2048771293616 81.6906306947102 66.3456922211558 87.1983056580682 50.0986977181877 5 1.96217894685658
294 31 48.078231292517 45.0512192823404 56.3453153473551 57.5092691658669 33.8099152829034 49.1437628322783 5 1.06553153976125
295 27 48.006779661017 31.5128048205851 41.6726576736775 49.8819518744002 27.3404957641452 48.0365746906644 5 0.0297950296473815
296 25 47.9290540540541 26.6282012051463 33.3363288368388 43.6614639058001 25.1170247882073 46.8847459561311 5 1.04430809792294
297 98 48.0976430976431 80.1570503012866 65.6681644184194 57.2460979293501 94.3558512394104 49.4405086583246 5 1.34286556068146
298 77 48.1946308724832 77.7892625753216 71.3340822092097 62.1845734470126 77.8677925619705 50.8184832254084 5 2.62385235292511
299 13 48.0769230769231 29.1973156438304 42.1670411046048 49.8884300852594 16.2433896280985 48.9275590641379 5 0.850635987214829
300 13 47.96 17.0493289109576 27.5835205523024 40.6663225639446 13.1621694814049 47.131181110931 5 0.828818889068991
301 67 48.0232558139535 54.5123322277394 47.2917602761512 47.2497419229584 64.3081084740702 48.1246220553845 5 0.101366241430966
302 57 48.0529801324504 56.3780830569348 52.1458801380756 49.6873064422188 57.3654054237035 48.5683909526153 5 0.515410820164895
303 55 48.0759075907591 55.3445207642337 53.5729400690378 51.0154798316641 55.1182702711852 48.8899714049845 5 0.814063814225385
304 93 48.2236842105263 83.5861301910584 73.2864700345189 61.5116098737481 91.1059135135593 51.0954728347353 5 2.87178862420893
305 74 48.3081967213115 76.3965325477646 73.6432350172595 64.6337074053111 74.855295675678 52.2406991929985 5 3.93250247168701
306 31 48.2516339869281 42.3491331369411 52.3216175086297 56.2252805539833 33.1927647837839 51.1786642333486 5 2.92703024642046
307 50 48.257328990228 48.0872832842353 51.1608087543149 54.6689604154875 49.1596382391892 51.1197310216812 1 0.170045705992756
308 63 48.3051948051948 59.2718208210588 57.0804043771574 56.7517203116156 62.3079819119595 51.7137444705971 5 3.40854966540227
309 35 48.2621359223301 41.0679552052647 46.0402021885787 51.3137902337117 36.365399095598 50.8780572470672 2 2.22193373375141
310 58 48.2935483870968 53.7669888013162 52.0201010942894 52.9853426752838 56.9182699547799 51.2341543847139 5 2.94060599761708
311 7 48.1607717041801 18.691747200329 29.5100505471447 41.4890070064628 9.49591349773899 49.0224466654782 5 0.861674961298093
312 94 48.3076923076923 75.1729368000823 61.7550252735723 54.6167552548471 89.7747956748869 51.2713243322043 5 2.96363202451194
313 90 48.4408945686901 86.2932342000206 75.8775126367862 63.4625664411353 89.9887397837444 53.2077581155941 5 4.76686354690393
314 96 48.5923566878981 93.5733085500051 85.9387563183931 71.5969248308515 95.6994369891872 55.3473702098144 5 6.75501352191624
315 65 48.6444444444445 72.1433271375013 75.4693781591965 69.9476936231386 66.5349718494594 55.8300016993236 5 7.18555725487916
316 69 48.7088607594937 69.7858317843753 72.2346890795983 69.710770217354 68.876748592473 56.4885016143575 5 7.77964085486376
317 73 48.7854889589906 72.1964579460938 72.6173445397991 70.5330776630155 72.7938374296236 57.3140765336396 5 8.52858757464902
318 14 48.6761006289309 28.5491144865235 43.3086722698996 56.3998082472616 16.9396918714812 55.1483727069576 2 5.36742835903129
319 52 48.6865203761756 46.1372786216309 47.6543361349498 55.2998561854462 50.2469845935741 54.9909540716097 2 1.03218424122579
320 21 48.6 27.2843196554077 34.3271680674749 46.7248921390847 22.4623492296787 53.2914063680293 3 1.87510786091538
321 45 48.588785046729 40.5710799138519 39.6635840337375 46.2936691043135 43.8731174614839 52.8768360496278 3 2.29511594241551
322 99 48.7453416149069 84.392769978463 69.3317920168687 59.4702518282351 96.2436558730742 55.1829942471464 5 6.43765263223953
323 82 48.8482972136223 82.5981924946157 75.6658960084344 65.1026888711763 82.7121827936537 56.5238445347891 5 7.67554732116676
324 59 48.8796296296297 64.8995481236539 67.3329480042172 63.5770166533822 60.1856091396827 56.6476523080496 5 7.76802267841997
325 41 48.8553846153846 46.9748870309135 54.1664740021086 57.9327624900367 41.9592804569841 55.8652696926471 1 1.88049758447115
326 92 48.9877300613497 80.7437217577284 73.0832370010543 66.4495718675275 89.4979640228492 57.6720062080148 5 8.68427614666506
327 17 48.8899082568808 32.9359304394321 45.0416185005272 54.0871789006456 20.6248982011425 55.638405897614 2 3.84828975635361
328 64 48.9359756097561 56.233982609858 54.5208092502636 56.5653841754842 61.8312449100571 56.0564856027333 2 5.58483364050745
329 76 49.0182370820669 71.0584956524645 65.2604046251318 61.4240381316132 75.2915622455029 57.0536613225967 5 8.03542424052978
330 28 48.9545454545455 38.7646239131161 46.6302023125659 53.0680285987099 30.3645781122751 55.6009782564668 2 2.32434314197958
331 51 48.9607250755287 47.941155978279 48.8151011562829 52.5510214490324 49.9682289056138 55.3709293436435 2 0.145623919245772
332 70 49.0240963855422 64.4852889945698 59.4075505781415 56.9132660867743 68.9984114452807 56.1023828764613 5 7.07828649091912
333 38 48.990990990991 44.6213222486424 48.7037752890707 52.1849495650807 39.549920572264 55.1972637326382 2 0.287215701920282
334 51 48.997005988024 49.4053305621606 49.8518876445354 51.8887121738105 50.4274960286132 54.9874005460063 1 0.408324574136643
335 55 49.0149253731344 53.6013326405402 52.4259438222677 52.6665341303579 54.7713748014307 54.988030518706 2 3.41101844913333
336 23 48.9375 30.650333160135 37.7129719111338 45.2499005977684 24.5885687400715 53.3886289927707 3 3.68759940223159
337 72 49.0059347181009 61.6625832900338 54.8564859555669 51.9374254483263 69.6294284370036 54.3191975431322 3 2.93149073022541
338 74 49.0798816568048 70.9156458225084 64.4282429777835 57.4530690862447 73.7814714218502 55.3032376659756 5 6.22335600917081
339 50 49.0825958702065 55.2289114556271 57.2141214888917 55.5898018146836 51.1890735710925 55.0380757826768 4 2.106477700886
340 84 49.1852941176471 76.8072278639068 70.6070607444459 62.6923513610127 82.3594536785546 56.4861719935429 5 7.30087787589586
341 79 49.2727272727273 78.4518069659767 74.8035303722229 66.7692635207595 79.1679726839277 57.6118633938658 5 8.3391361211385
342 69 49.3304093567252 71.3629517414942 71.9017651861115 67.3269476405696 69.5083986341964 58.1812702241725 5 8.85086086744734
343 71 49.3935860058309 71.0907379353735 71.4508825930557 68.2452107304272 70.9254199317098 58.8222067129639 5 9.42862070713296
344 43 49.375 50.0226844838434 57.2254412965279 61.9339080478204 44.3962709965855 58.0310963773157 1 0.647684483843364
345 90 49.4927536231884 80.0056711209608 73.6127206482639 68.9504310358653 87.7198135498293 59.6295415584499 5 10.1367879352615
346 92 49.6156069364162 89.0014177802402 82.806360324132 74.712823276899 91.7859906774915 61.2480644805274 5 11.6324575441112
347 61 49.6484149855908 68.0003544450601 71.903180162066 71.2846174576742 62.5392995338746 61.235661256501 5 11.5872462709102
348 56 49.6666666666667 59.000088611265 63.951590081033 67.4634630932557 56.3269649766937 60.973878193676 4 6.66029831002704
349 50 49.6676217765043 52.2500221528163 56.9757950405165 63.0975973199418 50.3163482488347 60.4251842839922 4 0.648726472330367
350 37 49.6314285714286 40.8125055382041 46.9878975202582 56.5731979899563 37.6658174124417 59.2539250697926 2 2.64353105117035
351 20 49.5470085470086 25.203126384551 33.4939487601291 47.4298984924672 20.8832908706221 57.2912288163029 3 2.11711005454134
352 2 49.4119318181818 7.80078159613775 17.7469743800646 36.0724238693504 2.9441645435311 54.5266673754878 5 5.11473555730595
353 38 49.3796033994334 30.4501953990344 27.8734871900323 36.5543179020128 36.2472082271766 53.7003340067134 5 4.32073060727995
354 6 49.2570621468927 12.1125488497586 16.9367435950161 28.9157384265096 7.51236041135883 51.3153173063777 5 2.05825515948504
355 85 49.3577464788733 66.7781372124396 50.9683717975081 42.9368038198822 81.1256180205679 52.9995514410588 2 1.61062531863481
356 32 49.308988764045 40.6945343031099 41.484185898754 40.2026028649117 34.4562809010284 51.9495738690059 5 2.64058510496093
357 16 49.2156862745098 22.1736335757775 28.742092949377 34.1519521486837 16.9228140450514 50.1520951755556 5 0.93640890104578
358 16 49.122905027933 17.5434083939444 22.3710464746885 29.6139641115128 16.0461407022526 48.4444904167778 5 0.678414611155155
359 61 49.1559888579387 50.1358520984861 41.6855232373443 37.4604730836346 58.7523070351126 49.0722658959389 5 0.0837229619998041
360 13 49.0555555555556 22.2839630246215 27.3427616186721 31.345354812726 15.2876153517556 47.268652601142 5 1.7869029544136
361 4 48.9307479224377 8.57099075615538 15.6713808093361 24.5090161095445 4.56438076758778 45.1052199710849 5 3.82552795135281
362 14 48.8342541436464 12.6427476890388 14.835690404668 21.8817620821583 13.5282190383794 43.5499589725306 5 5.28429517111579
363 53 48.8457300275482 42.9106869222597 33.917845202334 29.6613215616188 51.026410951919 44.0224610239041 4 2.18068092437073
364 94 48.9697802197802 81.2276717305649 63.958922601167 45.7459911712141 91.8513205475959 46.5213379727089 5 2.44844224707133
365 41 48.9479452054795 51.0569179326412 52.4794613005835 44.5594933784106 43.5425660273798 46.2452710740735 1 2.10897272716176
366 92 49.0655737704918 81.7642294831603 72.2397306502917 56.4196200338079 89.577128301369 48.5330075203698 5 0.532566250122031
367 60 49.0953678474115 65.4410573707901 66.1198653251459 57.3147150253559 61.4788564150684 49.1063571443513 5 0.0109892969398331
368 35 49.0570652173913 42.6102643426975 50.5599326625729 51.7360362690169 36.3239428207534 48.4010392871337 5 0.656025930257591
369 39 49.029810298103 39.9025660856744 44.7799663312865 48.5520272017627 38.8661971410377 47.930987322777 3 0.477783096340289
370 19 48.9486486486487 24.2256415214186 31.8899831656432 41.164020401322 19.9933098570519 46.4844379566382 5 2.46421069201048
371 1 48.8194070080863 6.80641038035465 16.4449915828216 31.1230153009915 1.94966549285259 44.2102160588063 5 4.60919094927999
372 67 48.8682795698925 51.9516025950887 41.7224957914108 40.0922614757436 63.7474832746426 45.349705255866 1 3.08332302519617
373 32 48.8230563002681 36.9879006487722 36.8612478957054 38.0691961068077 33.5873741637321 44.6822199930727 5 4.14083630719544
374 91 48.9358288770054 77.496975162193 63.9306239478527 51.3018970801058 88.1293687081866 46.998108993419 5 1.93771988358633
375 15 48.8453333333334 30.6242437905483 39.4653119739263 42.2264228100793 18.6564684354093 45.3982035437481 5 3.44712978958527
376 89 48.9521276595745 74.4060609476371 64.2326559869632 53.9198171075595 85.4828234217705 47.5782933665607 5 1.37383429301381
377 71 49.0106100795756 71.8515152369093 67.6163279934816 58.1898628306696 71.7241411710885 48.7493786982326 5 0.261231381342967
378 52 49.0185185185185 56.9628788092273 59.8081639967408 56.6423971230022 52.9862070585544 48.911909763321 5 0.106608755197527
379 70 49.0738786279684 66.7407197023068 64.9040819983704 59.9817978422517 69.1493103529277 49.966314275155 5 0.892435647186602
380 87 49.1736842105263 81.9351799255767 75.9520409991852 66.7363483816887 86.1074655176464 51.8179985613972 5 2.64431435087088
381 86 49.2703412073491 84.9837949813942 80.9760204995926 71.5522612862666 86.0053732758823 53.5270986333274 5 4.25675742597826
382 11 49.1701570680628 29.4959487453485 45.9880102497963 56.4141959646999 14.7502686637941 51.400743701661 5 2.23058663359814
383 85 49.2637075718016 71.1239871863371 65.4940051248982 63.5606469735249 81.4875134331897 53.0807065165779 5 3.81699894477635
384 26 49.203125 37.2809967965843 45.7470025624491 54.1704852301437 28.7743756716595 51.726671190749 5 2.52354619074902
385 76 49.2727272727273 66.3202491991461 60.8735012812245 59.6278639226078 73.638718783583 52.9403376312116 5 3.6676103584843
386 17 49.1891191709845 29.3300622997865 38.9367506406123 48.9708979419558 19.8319359391791 51.143320749651 3 0.218221229028643
387 45 49.1782945736434 41.0825155749466 41.9683753203061 47.9781734564669 43.741596796959 50.8361547121685 3 1.20012111717655
388 85 49.2706185567011 74.0206288937367 63.4841876601531 57.2336300923502 82.937079839848 52.54434697656 5 3.27372841985898
389 86 49.3650385604113 83.0051572234342 74.7420938300765 64.4252225692626 85.8468539919924 54.217129627732 5 4.85209106732071
390 47 49.3589743589744 56.0012893058585 60.8710469150383 60.068916926947 48.9423426995996 53.8562731463454 4 0.416631659374758
391 69 49.4092071611253 65.7503223264646 64.9355234575191 62.3016876952102 67.99711713498 54.6134594890282 5 5.20425232790282
392 73 49.4693877551021 71.1875805816162 68.9677617287596 64.9762657714077 72.749855856749 55.5327865145768 5 6.06339875947469
393 39 49.4427480916031 47.046895145404 53.9838808643798 58.4821993285558 40.6874927928374 54.7061471888479 1 2.39585294619904
394 43 49.4263959390863 44.011723786351 48.4919404321899 54.6116494964168 42.8843746396419 54.1208398294055 2 0.93445550689642
395 24 49.3620253164557 29.0029309465878 36.2459702160949 46.9587371223126 24.9442187319821 52.6147978379352 3 2.4032881941431
396 67 49.4065656565657 57.5007327366469 51.6229851080475 51.9690528417345 64.8972109365991 53.3340579460385 2 2.2164194514818
397 65 49.4458438287154 63.1251831841617 58.3114925540237 55.2267896313008 64.99486054683 53.9173550487366 5 4.47151122002118
398 49 49.4447236180905 52.5312957960404 53.6557462770119 53.6700922234756 49.7997430273415 53.6714872962997 4 0.355019409251021
399 19 49.3684210526316 27.3828239490101 36.3278731385059 45.0025691676067 20.5399871513671 51.9379129314847 5 2.56949187885315
400 33 49.3275 31.5957059872525 34.663936569253 42.001926875705 32.3769993575684 50.9910172849105 5 1.66351728491049
401 61 49.356608478803 53.6489264968131 47.8319682846265 46.7514451567788 59.5688499678784 51.491466420665 2 1.52464019417653
402 93 49.4651741293533 83.1622316242033 70.4159841423132 58.3135838675841 91.3284424983939 53.5668930996317 5 4.10171897027849
403 61 49.4937965260546 66.5405579060508 65.7079920711566 58.9851879006881 62.5164221249197 53.9385484446502 5 4.44475191859555
404 94 49.6039603960396 87.1351394765127 79.8539960355783 67.738890925516 92.425821106246 55.9416210224176 5 6.33766062637802
405 97 49.720987654321 94.5337848691282 88.4269980177892 75.054168194137 96.7712910553123 57.9945399712968 5 8.27355231697576
406 99 49.8423645320197 97.883446217282 93.7134990088946 81.0406261456028 98.8885645527656 60.0448129727319 5 10.2024484407122
407 94 49.95085995086 94.9708615543205 93.8567495044473 84.2804696092021 94.2444282276383 61.7425723240953 5 11.7917123732354
408 93 50.0563725490196 93.4927153885801 93.4283747522236 86.4603522069015 93.0622214113819 63.3054437078906 5 13.2490711588709
409 88 50.1491442542787 89.373178847145 90.7141873761118 86.8452641551762 88.2531110705691 64.540171522496 5 14.3910272682173
410 92 50.2512195121951 91.3432947117863 91.3570936880559 88.1339481163821 91.8126555535284 65.9131629463712 5 15.6619434341761
411 40 50.2262773722628 52.8358236779466 65.6785468440279 76.1004610872866 42.5906327776764 64.6175047990527 1 2.60954630568377
412 79 50.2961165048544 72.4589559194866 72.339273422014 76.8253458154649 77.1795316388838 65.3366295591 5 15.0405130542457
413 1 50.1767554479419 18.8647389798717 36.669636711007 57.8690093615987 4.80897658194419 62.119798081145 3 7.6922539136568
414 45 50.1642512077295 38.4661847449679 40.8348183555035 54.651757021199 42.9904488290972 61.2638081770878 3 4.48750581346955
415 26 50.1060240963856 29.116546186242 33.4174091777518 47.4888177658993 26.8495224414549 59.5006177682334 3 2.61720633048629
416 52 50.1105769230769 46.2791365465605 42.7087045888759 48.6166133244244 50.7424761220727 59.1255868798217 4 0.631899198995804
417 73 50.1654676258993 66.3197841366401 57.8543522944379 54.7124599933183 71.8871238061036 59.8193075358306 3 4.54699236741904
418 84 50.2464114832536 79.57994603416 70.927176147219 62.0343449949887 83.3943561903052 61.0283421590391 5 10.7819306757855
419 91 50.3436754176611 88.14498650854 80.9635880736095 69.2757587462416 90.6197178095153 62.5269250510872 5 12.183249633426
420 5 50.2357142857143 25.786246627135 42.9817940368047 53.2068190596812 9.28098589047576 59.6505787985328 3 2.97110477396687
421 38 50.2066508313539 34.9465616567838 40.4908970184024 49.4051142947609 36.5640492945238 58.5680498586061 3 0.801536536593055
422 44 50.1919431279621 41.7366404141959 42.2454485092012 48.0538357210707 43.6282024647262 57.8396473656758 3 2.13810740689145
423 96 50.3002364066194 82.434160103549 69.1227242546006 60.040376790803 93.3814101232363 59.7476649973921 5 9.44742859077265
424 60 50.3231132075472 65.6085400258873 64.5613621273003 60.0302825931022 61.6690705061618 59.7602817475224 5 9.43716853997526
425 96 50.4305882352941 88.4021350064718 80.2806810636501 69.0227119448267 94.2834535253081 61.5722676601463 5 11.1416794248522
426 63 50.4600938967136 69.3505337516179 71.6403405318251 67.51703395862 64.5641726762654 61.643654277139 5 11.1835603804254
427 46 50.4496487119438 51.8376334379045 58.8201702659125 62.137775468965 46.9282086338133 60.8614715632821 1 1.38798472596068
428 99 50.5630841121495 87.2094083594761 78.9100851329563 71.3533316017238 96.3964104316907 62.768397985118 5 12.2053138729684
429 96 50.6689976689977 93.802352089869 87.4550425664781 77.5149987012928 96.0198205215845 64.4299780858621 5 13.7609804168644
430 59 50.6883720930233 67.7005880224673 73.2275212832391 72.8862490259696 60.8509910260792 64.158479181569 4 10.1626189330559
431 11 50.5962877030163 25.1751470056168 42.1137606416195 57.4146867694772 13.492549551304 61.5005552224905 3 6.81839906646094
432 47 50.587962962963 41.5437867514042 44.5568803208098 54.8110150771079 45.3246274775652 60.775527461366 3 4.22305211414491
433 99 50.6997690531178 84.635946687851 71.7784401604049 65.8582613078309 96.3162313738783 62.6867510882977 5 11.9869820351799
434 42 50.6797235023042 52.6589866719628 56.8892200802024 59.8936959808732 44.7158115686939 61.6524135338828 1 1.9792631696586
435 80 50.7471264367816 73.1647466679907 68.4446100401012 64.9202719856549 78.2357905784347 62.5697928571887 5 11.822666420407
436 93 50.8440366972477 88.0411866669977 80.7223050200506 71.9402039892412 92.2617895289217 64.0913032143292 5 13.2472665170815
437 23 50.7803203661327 39.2602966667494 51.8611525100253 59.7051529919309 26.4630894764461 62.0367380536128 2 1.08083214389256
438 1 50.6666666666667 10.5650741666874 26.4305762550127 45.0288647439482 2.2731544738223 58.9849011509321 3 5.63780192271853
439 66 50.7015945330296 52.1412685416718 46.2152881275063 50.2716485579611 62.8136577236911 59.3356560933855 3 0.429945975068513
440 50 50.7 50.535317135418 48.1076440637532 50.2037364184708 50.6406828861846 58.8688732887162 4 0.0593171138154602
441 53 50.7052154195012 52.3838292838545 50.5538220318766 50.9028023138531 52.8820341443092 58.5754296242804 2 0.151393387624573
442 10 50.6131221719457 20.5959573209636 30.2769110159383 40.6771017353898 12.1441017072155 56.1466581430664 5 5.53353597112069
443 5 50.510158013544 8.89898933024091 17.6384555079691 31.7578263015424 5.35720508536077 53.5893252359131 5 3.07916722236905
444 25 50.4527027027027 20.9747473325602 21.3192277539846 30.0683697261568 24.017860254268 52.1598589741174 5 1.70715627141472
445 35 50.4179775280899 31.4936868331401 28.1596138769923 31.3012772946176 34.4508930127134 51.3018660254116 5 0.883888497321657
446 100 50.5291479820628 82.873421708285 64.0798069384961 48.4759579709632 96.7225446506357 53.736772724141 3 2.0531900110996
447 14 50.4474272930649 31.2183554270713 39.0399034692481 39.8569684782224 18.1361272325318 51.7499340879339 5 1.30250679486905
448 10 50.3571428571429 15.3045888567678 24.519951734624 32.3927263586668 10.4068063616266 49.6624373835372 5 0.69470547360563
449 7 50.260579064588 9.07614721419195 15.759975867312 26.0445447690001 7.17034031808133 47.5293155143604 5 2.7312635502276
450 19 50.1911111111111 16.519036803548 17.379987933656 24.2834085767501 18.4085170159041 46.1028497386424 5 4.08826137246876
451 21 50.1263858093127 19.879759200887 19.189993966828 23.4625564325626 20.8704258507952 44.8477072517102 5 5.2786785576024
452 99 50.2345132743363 79.2199398002218 59.094996983414 42.3469173244219 95.0935212925398 47.5553218891247 5 2.67919138521157
453 29 50.1876379690949 41.5549849500554 44.047498491707 39.0101879933164 32.304676064627 46.6275557946685 5 3.56008217442644
454 47 50.1806167400881 45.6387462375139 45.5237492458535 41.0076409949873 46.2652338032313 46.6461780049351 5 3.53443873515305
455 69 50.221978021978 63.1596865593785 57.2618746229268 48.0057307462405 67.8632616901616 47.7638691046883 3 2.21624727573754
456 29 50.1754385964912 37.5399216398446 43.1309373114634 43.2542980596804 30.9431630845081 46.8256756494539 5 3.34976294703734
457 84 50.2494529540482 72.3849804099612 63.5654686557317 53.4407235447603 81.3471581542254 48.6843918669812 5 1.56506108706695
458 90 50.3362445414847 85.5962451024903 76.7827343278659 62.5805426585702 89.5673579077113 50.7501722736321 5 0.413927732147414
459 74 50.3877995642702 76.8990612756226 75.3913671639329 65.4354069939277 74.7783678953856 51.9126636599505 5 1.52486409568037
460 59 50.4065217391304 63.4747653189056 67.1956835819665 63.8265552454457 59.7889183947693 52.267030476953 5 1.86050873782256
461 34 50.3709327548807 41.3686913297264 50.5978417909832 56.3699164340843 35.2894459197385 51.3536789531054 2 0.226909036102519
462 66 50.4047619047619 59.8421728324316 58.2989208954916 58.7774373255632 64.4644722959869 52.0859950054501 5 1.68123310068817
463 4 50.304535637149 17.9605432081079 31.1494604477458 45.0830779941724 7.02322361479935 49.6816952551776 5 0.622840381971457
464 42 50.2866379310345 35.990135802027 36.5747302238729 44.3123084956293 40.25116118074 49.2976104924187 5 0.989027438615793
465 9 50.1978494623656 15.7475339505067 22.7873651119365 35.484231371722 10.562558059037 47.2827299677978 5 2.91511949456784
466 18 50.1287553648069 17.4368834876267 20.3936825559682 31.1131735287915 17.6281279029518 45.8185934694079 5 4.31016189539901
467 23 50.0706638115632 21.6092208719067 21.6968412779841 29.0848801465936 22.7314063951476 44.6776637959375 5 5.3930000156257
468 93 50.1623931623932 75.1523052179767 57.3484206389921 45.0636601099452 89.4865703197574 47.0937806061406 5 3.06861255625257
469 62 50.1876332622601 65.2880763044942 59.674210319496 49.2977450824589 63.3743285159879 47.8390915758336 3 0.889888179801225
470 48 50.1829787234043 52.3220190761235 53.837105159748 48.9733088118442 48.7687164257994 47.8471369970419 3 1.20966991156008
471 62 50.208067940552 59.5805047690309 57.918552579874 52.2299816088831 61.33843582129 48.5547801471898 5 1.65328779336223
472 42 50.1906779661017 46.3951261922577 49.959276289937 49.6724862066624 42.9669217910645 48.2270411398303 2 0.231401676164708
473 73 50.2389006342495 66.3487815480644 61.4796381449685 55.5043646549968 71.4983460895532 49.4656890828388 5 0.773211551410689
474 8 50.1497890295359 22.5871953870161 34.7398190724843 43.6282734912476 11.1749173044777 47.3924046286969 5 2.75738440083902
475 82 50.2168421052632 67.146798846754 58.3699095362421 53.2212051184357 78.4587458652239 49.122784397262 5 1.09405770800116
476 89 50.2983193277311 83.5366997116885 73.6849547681211 62.1659038388268 88.4729372932612 51.1166451773989 5 0.818325849667808
477 86 50.3731656184487 85.3841749279221 79.8424773840605 68.1244278791201 86.1236468646631 52.860812918529 5 2.48764730008032
478 87 50.4497907949791 86.5960437319805 83.4212386920303 72.8433209093401 86.9561823432331 54.5677722726025 5 4.11798147762343
479 27 50.4008350730689 41.8990109329951 55.2106193460151 61.382490682005 29.9978091171617 53.1893836589724 5 2.78854858590348
480 32 50.3625 34.4747527332488 43.6053096730076 54.0368680115038 31.8998904558581 52.1299144760238 5 1.76741447602376
481 100 50.4656964656965 83.6186881833122 71.8026548365038 65.5276510086278 96.5949945227929 54.5234187522226 5 4.05772228652611
482 2 50.3651452282158 22.4046720458281 36.9013274182519 49.6457382564709 6.72974972613965 51.8972478146115 3 0.719406971744903
483 64 50.3933747412008 53.601168011457 50.4506637091259 53.2343036923532 61.136487486307 52.5023854238809 2 0.0572889679251034
484 28 50.3471074380165 34.4002920028643 39.225331854563 46.9257277692649 29.6568243743153 51.2772661526868 5 0.930158714670306
485 33 50.3113402061856 33.3500730007161 36.1126659272815 43.4442958269486 32.8328412187158 50.3634028450525 5 0.0520626388669214
486 34 50.2777777777778 33.837518250179 35.0563329636407 41.0832218702115 33.9416420609358 49.5452327027999 5 0.732545074977914
487 52 50.2813141683778 47.4593795625448 43.5281664818204 43.8124164026586 51.0970821030468 49.6679710676599 5 0.613343100717955
488 26 50.2315573770492 31.3648448906362 34.7640832409102 39.359312301994 27.2548541051523 48.4845725142769 5 1.7469848627723
489 55 50.241308793456 49.091211222659 44.8820416204551 43.2694842264955 53.6127427052576 48.810343888563 1 1.150097570797
490 5 50.1489795918367 16.0228028056648 24.9410208102275 33.7021131698716 7.43063713526288 46.6198266941349 5 3.52915289770186
491 86 50.2219959266803 68.5057007014162 55.4705104051138 46.7765848774037 82.0715318567631 48.5888353594282 5 1.63316056725211
492 46 50.2134146341464 51.626425175354 50.7352552025569 46.5824386580528 47.8035765928382 48.4593935914567 2 0.521840568410532
493 8 50.1277890466532 18.9066062938385 29.3676276012784 36.9368289935396 9.99017882964191 46.4364239118839 5 3.69136513476925
494 72 50.1720647773279 58.7266515734596 50.6838138006392 45.7026217451547 68.8995089414821 47.7146027162897 2 0.511749023311275
495 49 50.169696969697 51.4316628933649 49.8419069003196 46.526966308866 49.9949754470741 47.7788725804752 4 0.174721522622882
496 67 50.2036290322581 63.1079157233412 58.4209534501598 51.6452247316495 66.1497487723537 48.7399289514515 3 1.44159569939143
497 19 50.1408450704226 30.0269789308353 38.7104767250799 43.4839185487371 21.3574874386177 47.2529325038789 5 2.88791256654366
498 2 50.0441767068273 9.00674473270883 20.35523836254 33.1129389115529 2.96787437193088 44.9902858786849 5 5.05389082814238
499 58 50.060120240481 45.7516861831772 39.17761918127 39.3347041836646 55.2483937185965 45.6407715847507 1 4.30843405730377
500 56 50.072 53.4379215457943 47.588809590635 43.5010281377485 55.9624196859298 46.1587330055132 2 2.48319040936503
