59
64
22
52
21
24
30
100
92
26
11
43
98
5
95
31
39
10
90
88
69
80
93
91
15
41
22
84
33
42
35
9
66
83
83
44
55
57
80
80
34
47
15
71
33
98
41
60
3
20
65
61
93
56
55
31
2
70
52
20
8
19
89
35
26
51
63
19
72
43
65
10
3
7
64
57
84
72
84
48
47
80
56
30
100
59
75
66
47
19
39
83
32
56
1
80
1
34
52
72
86
4
64
68
68
17
38
37
61
65
49
2
40
95
71
32
4
6
18
92
91
61
66
69
94
29
44
100
49
89
97
46
12
83
71
68
42
7
69
82
41
87
16
22
84
76
6
74
73
38
82
85
15
53
48
1
41
6
37
20
92
14
87
43
50
33
6
48
15
3
2
77
98
74
55
5
99
26
40
92
31
3
29
54
31
41
5
99
49
52
20
16
36
46
83
27
12
27
2
52
97
69
2
69
6
14
83
59
57
20
27
73
36
10
100
53
23
100
39
96
43
45
97
2
22
93
21
43
96
69
10
82
38
54
36
1
9
16
53
66
96
35
40
41
35
21
1
29
6
80
4
10
28
18
10
14
4
73
72
91
91
23
11
38
36
66
22
75
83
39
90
17
71
55
33
14
35
41
68
43
76
81
65
27
18
92
6
28
9
41
93
91
87
31
27
25
98
77
13
13
67
57
55
93
74
31
50
63
35
58
7
94
90
96
65
69
73
14
52
21
45
99
82
59
41
92
17
64
76
28
51
70
38
51
55
23
72
74
50
84
79
69
71
43
90
92
61
56
50
37
20
2
38
6
85
32
16
16
61
13
4
14
53
94
41
92
60
35
39
19
1
67
32
91
15
89
71
52
70
87
86
11
85
26
76
17
45
85
86
47
69
73
39
43
24
67
65
49
19
33
61
93
61
94
97
99
94
93
88
92
40
79
1
45
26
52
73
84
91
5
38
44
96
60
96
63
46
99
96
59
11
47
99
42
80
93
23
1
66
50
53
10
5
25
35
100
14
10
7
19
21
99
29
47
69
29
84
90
74
59
34
66
4
42
9
18
23
93
62
48
62
42
73
8
82
89
86
87
27
32
100
2
64
28
33
34
52
26
55
5
86
46
8
72
49
67
19
2
58
56
